      0.0000000000000000E+00
      0.1000005825462249E+02
      0.2000083806375172E+02
      0.3000108529694240E+02
      0.4000112207673280E+02
      0.5000136071997149E+02
      0.6000169385250223E+02
      0.7000204845984683E+02
      0.8000239877224222E+02
      0.9000241193250596E+02
      0.1000024272406434E+03
      0.1100024425487809E+03
      0.1200024578569184E+03
      0.1300024645751213E+03
      0.1400024712933242E+03
      0.1500024780115270E+03
      0.1600024933196645E+03
      0.1700025086278020E+03
      0.1800025239359395E+03
      0.1900025392440770E+03
      0.2000025545522144E+03
      0.2100025569754487E+03
      0.2200025722835858E+03
      0.2300025875917233E+03
      0.2400025943099262E+03
      0.2500026096180636E+03
      0.2600026249262011E+03
      0.2700026316444039E+03
      0.2800026469525414E+03
      0.2900026622606788E+03
      0.3000026689788817E+03
      0.3100026756970829E+03
      0.3200026910052183E+03
      0.3300026977234211E+03
      0.3400027044416240E+03
      0.3500027111598269E+03
      0.3600027178780298E+03
      0.3700027245962327E+03
      0.3800027313144356E+03
      0.3900027380326384E+03
      0.4000027447508413E+03
      0.4100027514690442E+03
      0.4200027581872471E+03
      0.4300027649054500E+03
      0.4400027716236528E+03
      0.4500027783417087E+03
      0.4600033648792246E+03
      0.4700037151917135E+03
      0.4800037734464153E+03
      0.4900043127374576E+03
      0.5000044053518909E+03
      0.5100046010455348E+03
      0.5200050887967266E+03
      0.5300059287351617E+03
      0.5400067772635566E+03
      0.5500069815468675E+03
      0.5600070483912460E+03
      0.5700081116680550E+03
      0.5800088055776811E+03
      0.5900098860343707E+03
      0.6000104596849037E+03
      0.6100107155078432E+03
      0.6200108081220010E+03
      0.6300111498442612E+03
      0.6400112510483636E+03
      0.6500114811015060E+03
      0.6600118400036743E+03
      0.6700121559561462E+03
      0.6800125320381740E+03
      0.6900126676020200E+03
      0.7000130007343581E+03
      0.7100132050176608E+03
      0.7200139418769461E+03
      0.7300144382180878E+03
      0.7400146940410032E+03
      0.7500149842236707E+03
      0.7600152314566883E+03
      0.7700158566468203E+03
      0.7800158805415475E+03
      0.7900159989255553E+03
      0.8000164780868346E+03
      0.8100165363413208E+03
      0.8200166289555635E+03
      0.8300175290236766E+03
      0.8400183346025052E+03
      0.8500193463397441E+03
      0.8600203666669180E+03
      0.8700206654395843E+03
      0.8800213937089795E+03
      0.8900223109569218E+03
      0.9000226183195174E+03
      0.9100226508042189E+03
      0.9200230526561149E+03
      0.9300233084791159E+03
      0.9400233839134974E+03
      0.9500235710170487E+03
      0.9600239986387662E+03
      0.9700247183182946E+03
      0.9800257128757224E+03
      0.9900258913893728E+03
      0.1000026739917916E+04
      0.1010027485367239E+04
      0.1020027681060826E+04
      0.1030028632668368E+04
      0.1040028965800437E+04
      0.1050029161493565E+04
      0.1060030078741092E+04
      0.1070031313816169E+04
      0.1080032093624713E+04
      0.1090033096771511E+04
      0.1100033292464486E+04
      0.1110033333538600E+04
      0.1120035367477549E+04
      0.1130036319084763E+04
      0.1140036446058240E+04
      0.1150036573031730E+04
      0.1160037069372416E+04
      0.1170037677382233E+04
      0.1180037761406045E+04
      0.1190038438135312E+04
      0.1200039071914915E+04
      0.1210039207478318E+04
      0.1220039532020270E+04
      0.1230039590274264E+04
      0.1240039614168512E+04
      0.1250041716826931E+04
      0.1260042685613982E+04
      0.1270043121825073E+04
      0.1280044047662439E+04
      0.1290044492463474E+04
      0.1300044885724887E+04
      0.1310045914641457E+04
      0.1320046471111655E+04
      0.1330048410561276E+04
      0.1340049448067773E+04
      0.1350049824149326E+04
      0.1360050097151677E+04
      0.1370050301434575E+04
      0.1380050840724892E+04
      0.1390051938360992E+04
      0.1400052881378266E+04
      0.1410054563129927E+04
      0.1420054621384001E+04
      0.1430054902976418E+04
      0.1440055974842864E+04
      0.1450056204895663E+04
      0.1460056469308199E+04
      0.1470056630641674E+04
      0.1480058681760783E+04
      0.1490059083612455E+04
      0.1500059141866701E+04
      0.1510059749876835E+04
      0.1520059945569999E+04
      0.1530060759738434E+04
      0.1540061195949687E+04
      0.1550061666520727E+04
      0.1560062463509211E+04
      0.1570063844613235E+04
      0.1580064641601659E+04
      0.1590065120762518E+04
      0.1600067043032444E+04
      0.1610067496423466E+04
      0.1620067631986933E+04
      0.1630068033838327E+04
      0.1640068177991687E+04
      0.1650068390864547E+04
      0.1660069196442906E+04
      0.1670069417905733E+04
      0.1680071554923904E+04
      0.1690072111394168E+04
      0.1700072590555002E+04
      0.1710073439083104E+04
      0.1720073609006320E+04
      0.1730073735979905E+04
      0.1740074155011192E+04
      0.1750074608402225E+04
      0.1760074786915318E+04
      0.1770075420694985E+04
      0.1780076999367482E+04
      0.1790077349679296E+04
      0.1800077416523269E+04
      0.1810078462619782E+04
      0.1820079465766663E+04
      0.1830079592740219E+04
      0.1840080638836782E+04
      0.1850082019940801E+04
      0.1860082026655285E+04
      0.1870084198033303E+04
      0.1880084634244578E+04
      0.1890084881477317E+04
      0.1900085059990631E+04
      0.1910087128289521E+04
      0.1920089213768299E+04
      0.1930090697951750E+04
      0.1940091254422289E+04
      0.1950092583986910E+04
      0.1960092882759420E+04
      0.1970094968238277E+04
      0.1980096813198958E+04
      0.1990098658159636E+04
      0.2000098991291855E+04
      0.2010100698813661E+04
      0.2020101169384880E+04
      0.2030101639956052E+04
      0.2040102179246604E+04
      0.2050102546738434E+04
      0.2060103103208801E+04
      0.2070103161462979E+04
      0.2080103528954755E+04
      0.2090104136964660E+04
      0.2100104418557104E+04
      0.2110104442451522E+04
      0.2120105024691738E+04
      0.2130105460903001E+04
      0.2140106137632452E+04
      0.2150106573843737E+04
      0.2160107370832328E+04
      0.2170107755504060E+04
      0.2180108604032213E+04
      0.2190110397453161E+04
      0.2200110438527544E+04
      0.2210111046537583E+04
      0.2220111053252183E+04
      0.2230111669852111E+04
      0.2240111908494995E+04
      0.2250112353296268E+04
      0.2260112411550464E+04
      0.2270112761862432E+04
      0.2280113455771761E+04
      0.2290114467508666E+04
      0.2300114646021965E+04
      0.2310115288391667E+04
      0.2320115982300999E+04
      0.2330116074914877E+04
      0.2340116854723532E+04
      0.2350117918000069E+04
      0.2360118319851615E+04
      0.2370118695933329E+04
      0.2380119956778261E+04
      0.2390120908385570E+04
      0.2400122426928589E+04
      0.2410123498794977E+04
      0.2420123522689386E+04
      0.2430124010440180E+04
      0.2440124068694216E+04
      0.2450125037481355E+04
      0.2460125284714050E+04
      0.2470125944263562E+04
      0.2480126260215765E+04
      0.2490127675679519E+04
      0.2500128335229040E+04
      0.2510128376303304E+04
      0.2520129929206069E+04
      0.2530130193618615E+04
      0.2540130818808397E+04
      0.2550131169120269E+04
      0.2560131450712589E+04
      0.2570132264880921E+04
      0.2580133336747280E+04
      0.2590134889649941E+04
      0.2600135136882625E+04
      0.2610135658993143E+04
      0.2620136009305036E+04
      0.2630136445516295E+04
      0.2640137775080588E+04
      0.2650139723120379E+04
      0.2660140296770576E+04
      0.2670142141730990E+04
      0.2680143024618686E+04
      0.2690143357750590E+04
      0.2700144790394058E+04
      0.2710148971816607E+04
      0.2720150541899038E+04
      0.2730150600152989E+04
      0.2740152445113340E+04
      0.2750152692345972E+04
      0.2760154837954171E+04
      0.2770156820353565E+04
      0.2780157187845278E+04
      0.2790157220329563E+04
      0.2800157501921859E+04
      0.2810158556608296E+04
      0.2820159387956472E+04
      0.2830160030326123E+04
      0.2840160913213992E+04
      0.2850165008737347E+04
      0.2860165857265367E+04
      0.2870166018598658E+04
      0.2880166076852795E+04
      0.2890166272545907E+04
      0.2900166622857828E+04
      0.2910168536537806E+04
      0.2920168852489970E+04
      0.2930168951546198E+04
      0.2940169765714536E+04
      0.2950169927047923E+04
      0.2960170397618920E+04
      0.2970171847442427E+04
      0.2980172352373101E+04
      0.2990172651145353E+04
      0.3000173791731193E+04
      0.3010174451280644E+04
      0.3020175471607361E+04
      0.3030176337315228E+04
      0.3040177752779011E+04
      0.3050178463868133E+04
      0.3060179089057934E+04
      0.3070179765787336E+04
      0.3080179772501787E+04
      0.3090181394123983E+04
      0.3100182414450742E+04
      0.3110182850661940E+04
      0.3120183355592547E+04
      0.3130184049501774E+04
      0.3140185069828510E+04
      0.3150185832457152E+04
      0.3160185925070988E+04
      0.3170187357714536E+04
      0.3180188025853910E+04
      0.3190188977461134E+04
      0.3200189052895037E+04
      0.3210189111149072E+04
      0.3220189925317350E+04
      0.3230190035110984E+04
      0.3240190883638939E+04
      0.3250190941892994E+04
      0.3260191945039834E+04
      0.3270192939596711E+04
      0.3280193856844181E+04
      0.3290195100509219E+04
      0.3300196017756728E+04
      0.3310197089623097E+04
      0.3320197663273209E+04
      0.3330198752319392E+04
      0.3340198982372094E+04
      0.3350199865259976E+04
      0.3360201469702332E+04
      0.3370203331842753E+04
      0.3380203699334548E+04
      0.3390205647374246E+04
      0.3400207457975110E+04
      0.3410207722387586E+04
      0.3420209704787000E+04
      0.3430209763041046E+04
      0.3440210371050837E+04
      0.3450210704182735E+04
      0.3460214748166364E+04
      0.3470215631054053E+04
      0.3480217750892290E+04
      0.3490217912225504E+04
      0.3500219344868998E+04
      0.3510219540561956E+04
      0.3520219839334145E+04
      0.3530220309905021E+04
      0.3540220660216791E+04
      0.3550222573896708E+04
      0.3560222752409828E+04
      0.3570226315357195E+04
      0.3580227387223457E+04
      0.3590227978053429E+04
      0.3600229376337262E+04
      0.3610230070246421E+04
      0.3620230386198466E+04
      0.3630231286266081E+04
      0.3640231774016852E+04
      0.3650232072789047E+04
      0.3660232543359941E+04
      0.3670233443427493E+04
      0.3680234102976906E+04
      0.3690235724599040E+04
      0.3700236916724462E+04
      0.3710237559094046E+04
      0.3720239026097326E+04
      0.3730239582567587E+04
      0.3740240654433921E+04
      0.3750242825811858E+04
      0.3760243073044440E+04
      0.3770244814925677E+04
      0.3780246247569225E+04
      0.3790247199176422E+04
      0.3800247566668087E+04
      0.3810248569814913E+04
      0.3820249401162998E+04
      0.3830249682755239E+04
      0.3840250187685847E+04
      0.3850251173652714E+04
      0.3860251816022195E+04
      0.3870252372492366E+04
      0.3880253032041696E+04
      0.3890253966468953E+04
      0.3900254626018360E+04
      0.3910254959150202E+04
      0.3920256288714487E+04
      0.3930256673385887E+04
      0.3940256903438564E+04
      0.3950257288110007E+04
      0.3960257672781474E+04
      0.3970258229251619E+04
      0.3980259679074953E+04
      0.3990260665041776E+04
      0.4000262097685266E+04
      0.4010262155939244E+04
      0.4020263021647041E+04
      0.4030263767095789E+04
      0.4040264132171370E+04
      0.4050264568382471E+04
      0.4060264867154651E+04
      0.4070264994128134E+04
      0.4080265877015848E+04
      0.4090267395558758E+04
      0.4100268278447180E+04
      0.4110270003149934E+04
      0.4120271435794873E+04
      0.4130272301504114E+04
      0.4140272823615803E+04
      0.4150274634217644E+04
      0.4160274761192438E+04
      0.4170275798700114E+04
      0.4180278399575509E+04
      0.4190280519414908E+04
      0.4200281471023048E+04
      0.4210282491350777E+04
      0.4220282824483528E+04
      0.4230284257127637E+04
      0.4240284315381994E+04
      0.4250284923392340E+04
      0.4260285943719798E+04
      0.4270286276852429E+04
      0.4280286317928265E+04
      0.4290286547983504E+04
      0.4300286829577451E+04
      0.4310287368868931E+04
      0.4320288148678919E+04
      0.4330288653611067E+04
      0.4340289192902603E+04
      0.4350289869633322E+04
      0.4360290168406957E+04
      0.4370290535899991E+04
      0.4380291985724945E+04
      0.4390292078340191E+04
      0.4400292720711342E+04
      0.4410296833416386E+04
      0.4420297647586071E+04
      0.4430298530475100E+04
      0.4440298726169606E+04
      0.4450298878914728E+04
      0.4460300277200444E+04
      0.4470300283916610E+04
      0.4480300771668902E+04
      0.4490302719710426E+04
      0.4500303619779861E+04
      0.4510304468309938E+04
      0.4520306278912235E+04
      0.4530307178981255E+04
      0.4540307546474403E+04
      0.4550307724988872E+04
      0.4560308058121985E+04
      0.4570308743443019E+04
      0.4580309145296251E+04
      0.4590310131264936E+04
      0.4600310361319397E+04
      0.4610311965763328E+04
      0.4620313381228596E+04
      0.4630313714362016E+04
      0.4640314047495406E+04
      0.4650315531680065E+04
      0.4660317411001945E+04
      0.4670317503617524E+04
      0.4680317853931036E+04
      0.4690319853511875E+04
      0.4700321732833349E+04
      0.4710322615722377E+04
      0.4720324632482698E+04
      0.4730325223314087E+04
      0.4740326381081089E+04
      0.4750326868833247E+04
      0.4760328043780105E+04
      0.4770328376913354E+04
      0.4780329826738271E+04
      0.4790329867814216E+04
      0.4800329935398184E+04
      0.4810331814719976E+04
      0.4820332336832098E+04
      0.4830333082282557E+04
      0.4840334033891455E+04
      0.4850334315485659E+04
      0.4860334511180254E+04
      0.4870335376889852E+04
      0.4880335624124162E+04
      0.4890336352394689E+04
      0.4900336702708237E+04
      0.4910336881223087E+04
      0.4920337076917634E+04
      0.4930337255432240E+04
      0.4940338327300045E+04
      0.4950338866591998E+04
      0.4960339362934343E+04
      0.4970339713247676E+04
      0.4980339737143582E+04
      0.4990341839803566E+04
      0.5000343719125221E+04
      0.5010344962791717E+04
      0.5020345089766689E+04
      0.5030346144454472E+04
      0.5040347577099341E+04
      0.5050348494347993E+04
      0.5060349549035651E+04
      0.5070349761909587E+04
      0.5080349888884169E+04
      0.5090351733845561E+04
      0.5100352066978504E+04
      0.5110356076603414E+04
      0.5120357268729917E+04
      0.5130358976252194E+04
      0.5140359103226399E+04
      0.5150360742029321E+04
      0.5160362037234584E+04
      0.5170362095489240E+04
      0.5180364352767020E+04
      0.5190364960777245E+04
      0.5200366393420948E+04
      0.5210367276309180E+04
      0.5220368159197584E+04
      0.5230369729280771E+04
      0.5240371642961530E+04
      0.5250372319691737E+04
      0.5260372652824516E+04
      0.5270373810591139E+04
      0.5280373868846208E+04
      0.5290374751734828E+04
      0.5300000000000000E+04
